0 0.9915865384615384 0.5300480769230769 0.01201923076923077 0.06009615384615385
0 0.8978365384615384 0.4855769230769231 0.040865384615384616 0.0625
0 0.44711538461538464 0.32091346153846156 0.055288461538461536 0.0889423076923077
0 0.4110576923076923 0.3317307692307692 0.08173076923076923 0.13221153846153846
0 0.5625 0.3581730769230769 0.04567307692307692 0.0625
0 0.5360576923076923 0.33653846153846156 0.028846153846153848 0.038461538461538464
0 0.265625 0.24759615384615385 0.05048076923076923 0.07932692307692307
0 0.22235576923076922 0.2091346153846154 0.02403846153846154 0.03125
0 0.2403846153846154 0.21514423076923078 0.026442307692307692 0.038461538461538464
0 0.13701923076923078 0.18629807692307693 0.052884615384615384 0.08653846153846154
0 0.1045673076923077 0.15865384615384615 0.026442307692307692 0.028846153846153848
0 0.6550480769230769 0.41586538461538464 0.04567307692307692 0.0625