0 0.48677884615384615 0.4807692307692308 0.3245192307692308 0.7091346153846154
0 0.6875 0.4651442307692308 0.0673076923076923 0.13942307692307693
0 0.7259615384615384 0.4387019230769231 0.02403846153846154 0.07932692307692307
0 0.9302884615384616 0.4338942307692308 0.028846153846153848 0.09615384615384616
0 0.9663461538461539 0.41586538461538464 0.014423076923076924 0.04807692307692308
0 0.7487980769230769 0.4266826923076923 0.016826923076923076 0.038461538461538464
0 0.5901442307692307 0.4362980769230769 0.028846153846153848 0.06971153846153846
0 0.30288461538461536 0.46634615384615385 0.06009615384615385 0.21153846153846154
0 0.23798076923076922 0.4387019230769231 0.03125 0.09375
0 0.10336538461538461 0.42908653846153844 0.026442307692307692 0.04326923076923077
0 0.013221153846153846 0.42427884615384615 0.026442307692307692 0.17548076923076922