0 0.7692307692307693 0.4639423076923077 0.20673076923076922 0.6057692307692307
0 0.6286057692307693 0.4206730769230769 0.08413461538461539 0.18990384615384615
0 0.4699519230769231 0.3786057692307692 0.016826923076923076 0.04567307692307692
0 0.4362980769230769 0.3762019230769231 0.02403846153846154 0.06971153846153846
0 0.3605769230769231 0.3641826923076923 0.028846153846153848 0.15144230769230768
0 0.203125 0.36899038461538464 0.07692307692307693 0.21153846153846154
0 0.10576923076923077 0.3545673076923077 0.052884615384615384 0.13701923076923078
0 0.14423076923076922 0.3545673076923077 0.03125 0.05048076923076923
0 0.028846153846153848 0.3605769230769231 0.021634615384615384 0.057692307692307696
0 0.06370192307692307 0.328125 0.016826923076923076 0.021634615384615384
0 0.5540865384615384 0.3786057692307692 0.026442307692307692 0.026442307692307692