0 0.13341346153846154 0.45072115384615385 0.17548076923076922 0.5985576923076923
0 0.46274038461538464 0.35096153846153844 0.10336538461538461 0.23076923076923078
0 0.5757211538461539 0.31009615384615385 0.055288461538461536 0.1778846153846154
0 0.6370192307692307 0.2824519230769231 0.02403846153846154 0.13701923076923078
0 0.7091346153846154 0.25721153846153844 0.019230769230769232 0.08173076923076923
0 0.7403846153846154 0.24879807692307693 0.009615384615384616 0.05048076923076923
0 0.7608173076923077 0.23677884615384615 0.01201923076923077 0.036057692307692304
0 0.7836538461538461 0.23677884615384615 0.014423076923076924 0.036057692307692304
0 0.9915865384615384 0.2439903846153846 0.01201923076923077 0.05048076923076923
0 0.9603365384615384 0.23677884615384615 0.016826923076923076 0.04567307692307692
0 0.013221153846153846 0.27163461538461536 0.021634615384615384 0.038461538461538464