0 0.6274038461538461 0.6466346153846154 0.1201923076923077 0.2956730769230769
0 0.9050480769230769 0.6478365384615384 0.07211538461538461 0.18509615384615385
0 0.8497596153846154 0.6153846153846154 0.016826923076923076 0.040865384615384616
0 0.8269230769230769 0.6057692307692307 0.014423076923076924 0.04567307692307692
0 0.7836538461538461 0.6057692307692307 0.028846153846153848 0.052884615384615384
0 0.734375 0.5925480769230769 0.026442307692307692 0.07451923076923077
0 0.703125 0.5769230769230769 0.02403846153846154 0.07932692307692307
0 0.10817307692307693 0.49158653846153844 0.04567307692307692 0.13942307692307693
0 0.3269230769230769 0.5276442307692307 0.028846153846153848 0.07932692307692307
0 0.45552884615384615 0.5408653846153846 0.038461538461538464 0.06490384615384616
0 0.03365384615384615 0.4483173076923077 0.02403846153846154 0.05048076923076923
0 0.08774038461538461 0.45552884615384615 0.03125 0.04326923076923077
0 0.17067307692307693 0.47716346153846156 0.028846153846153848 0.055288461538461536
0 0.19591346153846154 0.4807692307692308 0.016826923076923076 0.036057692307692304
0 0.39903846153846156 0.5516826923076923 0.014423076923076924 0.03365384615384615