0 0.7704326923076923 0.5204326923076923 0.3245192307692308 0.6177884615384616
0 0.6418269230769231 0.4495192307692308 0.1201923076923077 0.1971153846153846
0 0.4963942307692308 0.375 0.026442307692307692 0.04807692307692308
0 0.4639423076923077 0.36538461538461536 0.038461538461538464 0.07211538461538461
0 0.3918269230769231 0.33774038461538464 0.06009615384615385 0.15144230769230768
0 0.23677884615384615 0.31009615384615385 0.11778846153846154 0.21634615384615385
0 0.14423076923076922 0.27524038461538464 0.07932692307692307 0.14182692307692307
0 0.1814903846153846 0.28365384615384615 0.040865384615384616 0.055288461538461536
0 0.06850961538461539 0.265625 0.03125 0.06009615384615385
0 0.109375 0.24158653846153846 0.019230769230769232 0.02403846153846154
0 0.578125 0.39302884615384615 0.028846153846153848 0.028846153846153848