0 0.1622596153846154 0.3401442307692308 0.3245192307692308 0.6802884615384616
0 0.6754807692307693 0.47596153846153844 0.17548076923076922 0.39663461538461536
0 0.78125 0.5336538461538461 0.14182692307692307 0.28365384615384615
0 0.8353365384615384 0.5649038461538461 0.10336538461538461 0.22355769230769232
0 0.8677884615384616 0.6009615384615384 0.06490384615384616 0.12740384615384615
0 0.2644230769230769 0.43028846153846156 0.07451923076923077 0.11057692307692307
0 0.3786057692307692 0.45552884615384615 0.04567307692307692 0.07692307692307693
0 0.4735576923076923 0.4807692307692308 0.06490384615384616 0.10096153846153846
0 0.5420673076923077 0.49158653846153844 0.055288461538461536 0.0889423076923077
0 0.5877403846153846 0.5108173076923077 0.03365384615384615 0.06490384615384616
0 0.8954326923076923 0.6129807692307693 0.040865384615384616 0.08413461538461539
0 0.9194711538461539 0.6334134615384616 0.028846153846153848 0.052884615384615384