0 0.17908653846153846 0.328125 0.3581730769230769 0.65625
0 0.6766826923076923 0.4891826923076923 0.19951923076923078 0.3918269230769231
0 0.7788461538461539 0.5528846153846154 0.15865384615384615 0.28125
0 0.8293269230769231 0.5877403846153846 0.11778846153846154 0.22115384615384615
0 0.859375 0.6274038461538461 0.07211538461538461 0.125
0 0.2704326923076923 0.41346153846153844 0.07932692307692307 0.11057692307692307
0 0.38221153846153844 0.44711538461538464 0.05048076923076923 0.07692307692307693
0 0.47596153846153844 0.4795673076923077 0.06971153846153846 0.10096153846153846
0 0.5432692307692307 0.4951923076923077 0.06009615384615385 0.0889423076923077
0 0.5877403846153846 0.5168269230769231 0.036057692307692304 0.06490384615384616
0 0.8858173076923077 0.640625 0.04567307692307692 0.08413461538461539
0 0.9086538461538461 0.6634615384615384 0.03125 0.052884615384615384