0 0.7560096153846154 0.44471153846153844 0.25721153846153844 0.7451923076923077
0 0.9182692307692307 0.47596153846153844 0.0673076923076923 0.1778846153846154
0 0.953125 0.4387019230769231 0.016826923076923076 0.10336538461538461
0 0.9807692307692307 0.43509615384615385 0.009615384615384616 0.052884615384615384
0 0.8137019230769231 0.4326923076923077 0.016826923076923076 0.08173076923076923
0 0.8497596153846154 0.4326923076923077 0.01201923076923077 0.057692307692307696
0 0.5360576923076923 0.44591346153846156 0.038461538461538464 0.17548076923076922
0 0.5925480769230769 0.41346153846153844 0.016826923076923076 0.0673076923076923
0 0.4723557692307692 0.41225961538461536 0.036057692307692304 0.0985576923076923
0 0.2620192307692308 0.39663461538461536 0.028846153846153848 0.10096153846153846
0 0.06971153846153846 0.40865384615384615 0.028846153846153848 0.12980769230769232
0 0.3425480769230769 0.4074519230769231 0.026442307692307692 0.04567307692307692