0 0.8918269230769231 0.4266826923076923 0.04807692307692308 0.1466346153846154
0 0.9290865384615384 0.421875 0.040865384615384616 0.08413461538461539
0 0.9627403846153846 0.41346153846153844 0.016826923076923076 0.0625
0 0.8581730769230769 0.421875 0.014423076923076924 0.040865384615384616
0 0.8293269230769231 0.4074519230769231 0.014423076923076924 0.06971153846153846
0 0.7956730769230769 0.40024038461538464 0.009615384615384616 0.036057692307692304
0 0.8185096153846154 0.40625 0.01201923076923077 0.03365384615384615
0 0.7211538461538461 0.4230769230769231 0.019230769230769232 0.1201923076923077
0 0.6899038461538461 0.41225961538461536 0.019230769230769232 0.04567307692307692
0 0.6394230769230769 0.4074519230769231 0.014423076923076924 0.040865384615384616
0 0.5985576923076923 0.41225961538461536 0.019230769230769232 0.07932692307692307
0 0.5336538461538461 0.39783653846153844 0.019230769230769232 0.036057692307692304
0 0.18028846153846154 0.40024038461538464 0.03365384615384615 0.0985576923076923
0 0.06850961538461539 0.3737980769230769 0.016826923076923076 0.040865384615384616
0 0.12980769230769232 0.3701923076923077 0.009615384615384616 0.028846153846153848
0 0.039663461538461536 0.36899038461538464 0.016826923076923076 0.036057692307692304
0 0.10336538461538461 0.3713942307692308 0.014423076923076924 0.036057692307692304