0 0.75 0.6346153846153846 0.2932692307692308 0.6009615384615384
0 0.6370192307692307 0.5528846153846154 0.06009615384615385 0.16826923076923078
0 0.47115384615384615 0.47716346153846156 0.021634615384615384 0.055288461538461536
0 0.6021634615384616 0.5420673076923077 0.040865384615384616 0.0985576923076923
0 0.6418269230769231 0.5444711538461539 0.036057692307692304 0.0985576923076923
0 0.35697115384615385 0.44591346153846156 0.057692307692307696 0.1658653846153846
0 0.4338942307692308 0.4639423076923077 0.04326923076923077 0.0889423076923077
0 0.19591346153846154 0.4411057692307692 0.16105769230769232 0.29086538461538464
0 0.10216346153846154 0.39663461538461536 0.08413461538461539 0.16826923076923078
0 0.03125 0.37740384615384615 0.04326923076923077 0.07692307692307693
0 0.14302884615384615 0.3954326923076923 0.04567307692307692 0.07451923076923077
0 0.5661057692307693 0.49038461538461536 0.021634615384615384 0.03125
0 0.5408653846153846 0.48197115384615385 0.016826923076923076 0.028846153846153848