0 0.7151442307692307 0.5204326923076923 0.20432692307692307 0.6875
0 0.5757211538461539 0.5288461538461539 0.06009615384615385 0.2091346153846154
0 0.5396634615384616 0.5240384615384616 0.04567307692307692 0.13942307692307693
0 0.5913461538461539 0.5180288461538461 0.038461538461538464 0.10096153846153846
0 0.11658653846153846 0.5456730769230769 0.1346153846153846 0.2692307692307692
0 0.021634615384615384 0.515625 0.04326923076923077 0.11778846153846154
0 0.28725961538461536 0.5252403846153846 0.04807692307692308 0.15144230769230768
0 0.3641826923076923 0.5192307692307693 0.028846153846153848 0.09375
0 0.40384615384615385 0.5096153846153846 0.03125 0.06490384615384616
0 0.057692307692307696 0.53125 0.038461538461538464 0.07692307692307693
0 0.1622596153846154 0.5108173076923077 0.01201923076923077 0.02403846153846154
0 0.33653846153846156 0.5 0.014423076923076924 0.028846153846153848