0 0.5901442307692307 0.44711538461538464 0.24759615384615385 0.4423076923076923
0 0.8858173076923077 0.3629807692307692 0.125 0.3245192307692308
0 0.3245192307692308 0.37259615384615385 0.0673076923076923 0.11778846153846154
0 0.10216346153846154 0.39783653846153844 0.08413461538461539 0.19230769230769232
0 0.3954326923076923 0.3581730769230769 0.014423076923076924 0.04326923076923077
0 0.40625 0.359375 0.016826923076923076 0.036057692307692304
0 0.4375 0.3545673076923077 0.016826923076923076 0.038461538461538464
0 0.1502403846153846 0.39783653846153844 0.019230769230769232 0.04567307692307692
0 0.19110576923076922 0.3858173076923077 0.021634615384615384 0.036057692307692304
0 0.7307692307692307 0.3137019230769231 0.038461538461538464 0.0985576923076923
0 0.9411057692307693 0.2920673076923077 0.02403846153846154 0.0625