0 0.4519230769230769 0.3786057692307692 0.09615384615384616 0.17548076923076922
0 0.859375 0.3798076923076923 0.09375 0.15384615384615385
0 0.8076923076923077 0.34615384615384615 0.019230769230769232 0.08173076923076923
0 0.6069711538461539 0.36658653846153844 0.021634615384615384 0.06490384615384616
0 0.3894230769230769 0.3858173076923077 0.02403846153846154 0.07451923076923077
0 0.0829326923076923 0.4206730769230769 0.04567307692307692 0.13942307692307693
0 0.18629807692307693 0.38221153846153844 0.026442307692307692 0.0673076923076923
0 0.6382211538461539 0.35096153846153844 0.016826923076923076 0.04326923076923077
0 0.7740384615384616 0.3401442307692308 0.019230769230769232 0.055288461538461536
0 0.5 0.35697115384615385 0.019230769230769232 0.04567307692307692
0 0.33533653846153844 0.3701923076923077 0.026442307692307692 0.0673076923076923
0 0.2439903846153846 0.3629807692307692 0.016826923076923076 0.04807692307692308