0 0.5913461538461539 0.4483173076923077 0.2403846153846154 0.43990384615384615
0 0.8870192307692307 0.3701923076923077 0.1201923076923077 0.3245192307692308
0 0.3269230769230769 0.36899038461538464 0.06490384615384616 0.11778846153846154
0 0.1045673076923077 0.390625 0.08173076923076923 0.18990384615384615
0 0.39783653846153844 0.3557692307692308 0.014423076923076924 0.04326923076923077
0 0.40865384615384615 0.35697115384615385 0.014423076923076924 0.03365384615384615
0 0.43990384615384615 0.3545673076923077 0.016826923076923076 0.038461538461538464
0 0.15264423076923078 0.3918269230769231 0.019230769230769232 0.04567307692307692
0 0.1935096153846154 0.3798076923076923 0.019230769230769232 0.036057692307692304
0 0.001201923076923077 0.39783653846153844 0.002403846153846154 0.03125
0 0.7331730769230769 0.31850961538461536 0.036057692307692304 0.0985576923076923
0 0.9447115384615384 0.29927884615384615 0.02403846153846154 0.0625