0 0.8713942307692307 0.5853365384615384 0.15625 0.6274038461538461
0 0.6502403846153846 0.49759615384615385 0.036057692307692304 0.1201923076923077
0 0.28725961538461536 0.4855769230769231 0.03125 0.11057692307692307
0 0.1814903846153846 0.44711538461538464 0.026442307692307692 0.0625
0 0.41225961538461536 0.4423076923076923 0.016826923076923076 0.052884615384615384
0 0.36899038461538464 0.4543269230769231 0.026442307692307692 0.0673076923076923
0 0.5901442307692307 0.4699519230769231 0.03125 0.06009615384615385
0 0.7860576923076923 0.4795673076923077 0.02403846153846154 0.06490384615384616
0 0.7115384615384616 0.46033653846153844 0.019230769230769232 0.06490384615384616
0 0.7560096153846154 0.45913461538461536 0.016826923076923076 0.04326923076923077
0 0.5252403846153846 0.4495192307692308 0.016826923076923076 0.04807692307692308
0 0.546875 0.45552884615384615 0.016826923076923076 0.040865384615384616
0 0.11899038461538461 0.42908653846153844 0.016826923076923076 0.040865384615384616