0 0.7716346153846154 0.5012019230769231 0.2860576923076923 0.6177884615384616
0 0.6382211538461539 0.43990384615384615 0.10817307692307693 0.1971153846153846
0 0.48677884615384615 0.3762019230769231 0.02403846153846154 0.04807692307692308
0 0.4543269230769231 0.36899038461538464 0.03365384615384615 0.07211538461538461
0 0.38100961538461536 0.34615384615384615 0.05048076923076923 0.15144230769230768
0 0.2247596153846154 0.328125 0.10336538461538461 0.21634615384615385
0 0.12980769230769232 0.3004807692307692 0.06971153846153846 0.14182692307692307
0 0.16706730769230768 0.30649038461538464 0.038461538461538464 0.052884615384615384
0 0.052884615384615384 0.296875 0.028846153846153848 0.06009615384615385
0 0.09134615384615384 0.2692307692307692 0.019230769230769232 0.02403846153846154
0 0.5709134615384616 0.3870192307692308 0.028846153846153848 0.028846153846153848