0 0.6033653846153846 0.4807692307692308 0.2860576923076923 0.4543269230769231
0 0.9086538461538461 0.5036057692307693 0.15625 0.3293269230769231
0 0.3786057692307692 0.31971153846153844 0.07692307692307693 0.12259615384615384
0 0.16105769230769232 0.26802884615384615 0.10336538461538461 0.19471153846153846
0 0.45072115384615385 0.33052884615384615 0.019230769230769232 0.04326923076923077
0 0.46033653846153844 0.33533653846153844 0.019230769230769232 0.036057692307692304
0 0.49038461538461536 0.3425480769230769 0.019230769230769232 0.040865384615384616
0 0.20673076923076922 0.2848557692307692 0.02403846153846154 0.04567307692307692
0 0.25 0.28725961538461536 0.02403846153846154 0.036057692307692304
0 0.055288461538461536 0.23918269230769232 0.014423076923076924 0.028846153846153848
0 0.7800480769230769 0.40384615384615385 0.04807692307692308 0.0985576923076923
0 0.984375 0.45552884615384615 0.026442307692307692 0.06490384615384616