0 0.6081730769230769 0.6610576923076923 0.15384615384615385 0.3004807692307692
0 0.8846153846153846 0.6959134615384616 0.09134615384615384 0.1875
0 0.8329326923076923 0.6574519230769231 0.021634615384615384 0.04326923076923077
0 0.8125 0.6442307692307693 0.019230769230769232 0.04567307692307692
0 0.7692307692307693 0.6394230769230769 0.03365384615384615 0.055288461538461536
0 0.7211538461538461 0.6201923076923077 0.036057692307692304 0.07451923076923077
0 0.6923076923076923 0.6009615384615384 0.03365384615384615 0.07932692307692307
0 0.11177884615384616 0.44350961538461536 0.06009615384615385 0.13942307692307693
0 0.3245192307692308 0.5060096153846154 0.038461538461538464 0.07932692307692307
0 0.45072115384615385 0.5360576923076923 0.04567307692307692 0.0673076923076923
0 0.04326923076923077 0.3918269230769231 0.028846153846153848 0.05048076923076923
0 0.09615384615384616 0.4050480769230769 0.036057692307692304 0.04567307692307692
0 0.17668269230769232 0.4375 0.036057692307692304 0.057692307692307696
0 0.20072115384615385 0.44471153846153844 0.019230769230769232 0.038461538461538464
0 0.39302884615384615 0.5396634615384616 0.019230769230769232 0.036057692307692304