0 0.11658653846153846 0.5829326923076923 0.23317307692307693 0.5745192307692307
0 0.6610576923076923 0.4266826923076923 0.1346153846153846 0.3004807692307692
0 0.8112980769230769 0.3713942307692308 0.07211538461538461 0.21634615384615385
0 0.9146634615384616 0.3449519230769231 0.026442307692307692 0.13221153846153846
0 0.890625 0.3401442307692308 0.03125 0.12740384615384615
0 0.9375 0.34615384615384615 0.021634615384615384 0.09134615384615384
0 0.3942307692307692 0.3545673076923077 0.036057692307692304 0.08173076923076923
0 0.47716346153846156 0.34975961538461536 0.019230769230769232 0.07692307692307693
0 0.28365384615384615 0.36177884615384615 0.040865384615384616 0.09615384615384616
0 0.5637019230769231 0.34975961538461536 0.02403846153846154 0.07451923076923077
0 0.6105769230769231 0.34375 0.021634615384615384 0.06971153846153846
0 0.7572115384615384 0.3389423076923077 0.019230769230769232 0.040865384615384616