0 0.6935096153846154 0.7115384615384616 0.1346153846153846 0.5144230769230769
0 0.421875 0.5372596153846154 0.04326923076923077 0.11298076923076923
0 0.06850961538461539 0.4675480769230769 0.06009615384615385 0.11778846153846154
0 0.13581730769230768 0.4387019230769231 0.028846153846153848 0.07211538461538461
0 0.3581730769230769 0.4951923076923077 0.03125 0.07932692307692307
0 0.9735576923076923 0.6490384615384616 0.03365384615384615 0.12259615384615384
0 0.5348557692307693 0.5336538461538461 0.036057692307692304 0.07211538461538461
0 0.28966346153846156 0.4579326923076923 0.019230769230769232 0.05048076923076923
0 0.17668269230769232 0.4362980769230769 0.03125 0.057692307692307696
0 0.65625 0.5552884615384616 0.021634615384615384 0.07692307692307693
0 0.6021634615384616 0.53125 0.021634615384615384 0.052884615384615384