0 0.9915865384615384 0.5132211538461539 0.01201923076923077 0.06009615384615385
0 0.8966346153846154 0.4723557692307692 0.038461538461538464 0.0625
0 0.4411057692307692 0.3233173076923077 0.052884615384615384 0.0889423076923077
0 0.4050480769230769 0.33533653846153844 0.07692307692307693 0.13221153846153846
0 0.5564903846153846 0.3557692307692308 0.04567307692307692 0.0625
0 0.53125 0.33533653846153844 0.028846153846153848 0.038461538461538464
0 0.25721153846153844 0.25600961538461536 0.04807692307692308 0.07932692307692307
0 0.21153846153846154 0.21995192307692307 0.021634615384615384 0.03125
0 0.23076923076923078 0.2247596153846154 0.02403846153846154 0.038461538461538464
0 0.12620192307692307 0.19951923076923078 0.05048076923076923 0.08653846153846154
0 0.09254807692307693 0.17307692307692307 0.026442307692307692 0.028846153846153848
0 0.6514423076923077 0.4098557692307692 0.04326923076923077 0.0625