0 0.4855769230769231 0.48197115384615385 0.38221153846153844 0.7283653846153846
0 0.6838942307692307 0.4483173076923077 0.07932692307692307 0.14423076923076922
0 0.71875 0.41947115384615385 0.03125 0.08173076923076923
0 0.921875 0.39663461538461536 0.036057692307692304 0.0985576923076923
0 0.9567307692307693 0.375 0.019230769230769232 0.05048076923076923
0 0.7415865384615384 0.4050480769230769 0.019230769230769232 0.040865384615384616
0 0.5841346153846154 0.42908653846153844 0.03365384615384615 0.07211538461538461
0 0.3004807692307692 0.4831730769230769 0.07692307692307693 0.21394230769230768
0 0.23317307692307693 0.46274038461538464 0.038461538461538464 0.09375
0 0.09975961538461539 0.4639423076923077 0.028846153846153848 0.04567307692307692
0 0.014423076923076924 0.46875 0.028846153846153848 0.1778846153846154