0 0.6706730769230769 0.5913461538461539 0.16346153846153846 0.30288461538461536
0 0.9314903846153846 0.49278846153846156 0.0985576923076923 0.1875
0 0.8677884615384616 0.48197115384615385 0.021634615384615384 0.04326923076923077
0 0.84375 0.48197115384615385 0.021634615384615384 0.04567307692307692
0 0.8028846153846154 0.49759615384615385 0.036057692307692304 0.055288461538461536
0 0.7524038461538461 0.5024038461538461 0.036057692307692304 0.07451923076923077
0 0.7175480769230769 0.4987980769230769 0.036057692307692304 0.07932692307692307
0 0.1310096153846154 0.6322115384615384 0.06490384615384616 0.13942307692307693
0 0.3485576923076923 0.5877403846153846 0.040865384615384616 0.07932692307692307
0 0.4735576923076923 0.5540865384615384 0.04567307692307692 0.0673076923076923
0 0.046875 0.6189903846153846 0.03125 0.05048076923076923
0 0.0985576923076923 0.6057692307692307 0.036057692307692304 0.04567307692307692
0 0.18509615384615385 0.5973557692307693 0.036057692307692304 0.057692307692307696
0 0.2091346153846154 0.5913461538461539 0.021634615384615384 0.038461538461538464
0 0.42427884615384615 0.5853365384615384 0.019230769230769232 0.036057692307692304