0 0.11778846153846154 0.3954326923076923 0.23557692307692307 0.7043269230769231
0 0.6682692307692307 0.44350961538461536 0.10336538461538461 0.39663461538461536
0 0.7824519230769231 0.47836538461538464 0.09375 0.27884615384615385
0 0.8413461538461539 0.5 0.06490384615384616 0.22115384615384615
0 0.8798076923076923 0.5300480769230769 0.040865384615384616 0.125
0 0.25600961538461536 0.47596153846153844 0.057692307692307696 0.10576923076923077
0 0.37259615384615385 0.4795673076923077 0.03365384615384615 0.07451923076923077
0 0.47115384615384615 0.48677884615384615 0.04807692307692308 0.09615384615384616
0 0.5396634615384616 0.484375 0.040865384615384616 0.08413461538461539
0 0.5889423076923077 0.49278846153846156 0.021634615384615384 0.06490384615384616
0 0.9098557692307693 0.5360576923076923 0.026442307692307692 0.08413461538461539
0 0.9375 0.5516826923076923 0.019230769230769232 0.05048076923076923