0 0.7548076923076923 0.625 0.2764423076923077 0.5985576923076923
0 0.6382211538461539 0.5480769230769231 0.055288461538461536 0.16826923076923078
0 0.47115384615384615 0.47836538461538464 0.019230769230769232 0.055288461538461536
0 0.6033653846153846 0.5384615384615384 0.038461538461538464 0.0985576923076923
0 0.6430288461538461 0.5396634615384616 0.03125 0.0985576923076923
0 0.3557692307692308 0.45072115384615385 0.052884615384615384 0.1658653846153846
0 0.4326923076923077 0.46634615384615385 0.040865384615384616 0.08653846153846154
0 0.1935096153846154 0.4519230769230769 0.15144230769230768 0.28846153846153844
0 0.0985576923076923 0.4110576923076923 0.07932692307692307 0.16826923076923078
0 0.027644230769230768 0.39302884615384615 0.040865384615384616 0.07692307692307693
0 0.13942307692307693 0.4074519230769231 0.04326923076923077 0.07451923076923077
0 0.5661057692307693 0.4891826923076923 0.021634615384615384 0.03125
0 0.5408653846153846 0.4807692307692308 0.016826923076923076 0.028846153846153848