0 0.9519230769230769 0.27403846153846156 0.03125 0.055288461538461536
0 0.8377403846153846 0.28966346153846156 0.03125 0.06009615384615385
0 0.36538461538461536 0.3713942307692308 0.04326923076923077 0.0889423076923077
0 0.3389423076923077 0.39903846153846156 0.0625 0.12980769230769232
0 0.48197115384615385 0.34615384615384615 0.038461538461538464 0.06009615384615385
0 0.4495192307692308 0.3401442307692308 0.02403846153846154 0.036057692307692304
0 0.17067307692307693 0.39783653846153844 0.038461538461538464 0.07692307692307693
0 0.1141826923076923 0.3870192307692308 0.019230769230769232 0.03125
0 0.13221153846153846 0.38341346153846156 0.021634615384615384 0.038461538461538464
0 0.028846153846153848 0.4098557692307692 0.040865384615384616 0.08413461538461539
0 0.5913461538461539 0.34975961538461536 0.036057692307692304 0.0625