0 0.7295673076923077 0.6706730769230769 0.125 0.5144230769230769
0 0.43149038461538464 0.5516826923076923 0.040865384615384616 0.11298076923076923
0 0.06971153846153846 0.5504807692307693 0.057692307692307696 0.11778846153846154
0 0.1310096153846154 0.5096153846153846 0.026442307692307692 0.07211538461538461
0 0.359375 0.5216346153846154 0.03125 0.07932692307692307
0 0.9879807692307693 0.5552884615384616 0.019230769230769232 0.125
0 0.5408653846153846 0.5264423076923077 0.03365384615384615 0.07211538461538461
0 0.2848557692307692 0.5 0.019230769230769232 0.04807692307692308
0 0.17067307692307693 0.4987980769230769 0.03125 0.057692307692307696
0 0.6634615384615384 0.5240384615384616 0.021634615384615384 0.07692307692307693
0 0.6057692307692307 0.5108173076923077 0.021634615384615384 0.052884615384615384