0 0.4879807692307692 0.4795673076923077 0.3004807692307692 0.6995192307692307
0 0.6887019230769231 0.47115384615384615 0.0625 0.13701923076923078
0 0.7271634615384616 0.44711538461538464 0.021634615384615384 0.07932692307692307
0 0.9314903846153846 0.4495192307692308 0.026442307692307692 0.09615384615384616
0 0.96875 0.43149038461538464 0.01201923076923077 0.04807692307692308
0 0.7512019230769231 0.43509615384615385 0.014423076923076924 0.038461538461538464
0 0.5925480769230769 0.43990384615384615 0.026442307692307692 0.06971153846153846
0 0.30408653846153844 0.45913461538461536 0.052884615384615384 0.2091346153846154
0 0.2403846153846154 0.43028846153846156 0.028846153846153848 0.09134615384615384
0 0.10697115384615384 0.41586538461538464 0.02403846153846154 0.04326923076923077
0 0.01201923076923077 0.4074519230769231 0.02403846153846154 0.17307692307692307