0 0.12259615384615384 0.5949519230769231 0.24519230769230768 0.5793269230769231
0 0.6586538461538461 0.4206730769230769 0.14423076923076922 0.30288461538461536
0 0.8064903846153846 0.3605769230769231 0.07932692307692307 0.21875
0 0.9086538461538461 0.33052884615384615 0.03125 0.13221153846153846
0 0.8846153846153846 0.3269230769230769 0.03365384615384615 0.12740384615384615
0 0.9314903846153846 0.3317307692307692 0.02403846153846154 0.09134615384615384
0 0.3894230769230769 0.3581730769230769 0.038461538461538464 0.08173076923076923
0 0.4723557692307692 0.35096153846153844 0.021634615384615384 0.07692307692307693
0 0.27884615384615385 0.3701923076923077 0.04326923076923077 0.09615384615384616
0 0.5588942307692307 0.3473557692307692 0.026442307692307692 0.07692307692307693
0 0.6057692307692307 0.3401442307692308 0.02403846153846154 0.07211538461538461
0 0.7512019230769231 0.3293269230769231 0.021634615384615384 0.04326923076923077