0 0.1141826923076923 0.5192307692307693 0.2283653846153846 0.5769230769230769
0 0.6706730769230769 0.4519230769230769 0.13942307692307693 0.30288461538461536
0 0.828125 0.421875 0.07692307692307693 0.21875
0 0.9338942307692307 0.4110576923076923 0.028846153846153848 0.13221153846153846
0 0.9098557692307693 0.4026442307692308 0.03125 0.12740384615384615
0 0.9555288461538461 0.4170673076923077 0.021634615384615384 0.09134615384615384
0 0.4182692307692308 0.3401442307692308 0.038461538461538464 0.08173076923076923
0 0.5012019230769231 0.3485576923076923 0.021634615384615384 0.07692307692307693
0 0.3076923076923077 0.3293269230769231 0.040865384615384616 0.09615384615384616
0 0.5865384615384616 0.36177884615384615 0.026442307692307692 0.07692307692307693
0 0.6334134615384616 0.3629807692307692 0.02403846153846154 0.06971153846153846
0 0.7800480769230769 0.38100961538461536 0.019230769230769232 0.04326923076923077