0 0.78125 0.5456730769230769 0.2668269230769231 0.5985576923076923
0 0.6466346153846154 0.5048076923076923 0.05048076923076923 0.16826923076923078
0 0.4651442307692308 0.4879807692307692 0.019230769230769232 0.052884615384615384
0 0.6105769230769231 0.5060096153846154 0.036057692307692304 0.0985576923076923
0 0.6490384615384616 0.4963942307692308 0.028846153846153848 0.0985576923076923
0 0.3473557692307692 0.4951923076923077 0.04807692307692308 0.1658653846153846
0 0.4254807692307692 0.4879807692307692 0.040865384615384616 0.08653846153846154
0 0.1935096153846154 0.5432692307692307 0.1466346153846154 0.2860576923076923
0 0.09014423076923077 0.5324519230769231 0.07692307692307693 0.16826923076923078
0 0.019230769230769232 0.5360576923076923 0.038461538461538464 0.07692307692307693
0 0.12860576923076922 0.5168269230769231 0.04326923076923077 0.07451923076923077
0 0.5600961538461539 0.4699519230769231 0.021634615384615384 0.03125
0 0.5336538461538461 0.4699519230769231 0.014423076923076924 0.028846153846153848