0 0.7584134615384616 0.6237980769230769 0.21875 0.5120192307692307
0 0.4423076923076923 0.5637019230769231 0.06009615384615385 0.11538461538461539
0 0.08774038461538461 0.6322115384615384 0.07692307692307693 0.12259615384615384
0 0.13942307692307693 0.5793269230769231 0.040865384615384616 0.07211538461538461
0 0.36658653846153844 0.5480769230769231 0.04326923076923077 0.08173076923076923
0 0.9831730769230769 0.46153846153846156 0.028846153846153848 0.125
0 0.5456730769230769 0.5180288461538461 0.04807692307692308 0.07451923076923077
0 0.28846153846153844 0.5408653846153846 0.026442307692307692 0.05048076923076923
0 0.17668269230769232 0.5612980769230769 0.040865384615384616 0.06009615384615385
0 0.6658653846153846 0.49278846153846156 0.036057692307692304 0.07692307692307693
0 0.6057692307692307 0.49038461538461536 0.03125 0.052884615384615384