0 0.7139423076923077 0.5252403846153846 0.19230769230769232 0.6875
0 0.5745192307692307 0.5300480769230769 0.055288461538461536 0.2091346153846154
0 0.5396634615384616 0.5240384615384616 0.04326923076923077 0.13942307692307693
0 0.5913461538461539 0.5192307692307693 0.038461538461538464 0.10096153846153846
0 0.11658653846153846 0.5384615384615384 0.12980769230769232 0.2692307692307692
0 0.020432692307692308 0.5084134615384616 0.040865384615384616 0.11778846153846154
0 0.28725961538461536 0.5216346153846154 0.04567307692307692 0.15144230769230768
0 0.3641826923076923 0.5168269230769231 0.026442307692307692 0.09375
0 0.40384615384615385 0.5084134615384616 0.028846153846153848 0.06490384615384616
0 0.056490384615384616 0.5228365384615384 0.038461538461538464 0.07692307692307693
0 0.1622596153846154 0.5048076923076923 0.01201923076923077 0.02403846153846154
0 0.33653846153846156 0.49759615384615385 0.014423076923076924 0.028846153846153848