0 0.10817307692307693 0.5600961538461539 0.21153846153846154 0.4182692307692308
0 0.6838942307692307 0.42908653846153844 0.021634615384615384 0.06971153846153846
0 0.7427884615384616 0.4110576923076923 0.019230769230769232 0.04326923076923077
0 0.765625 0.4026442307692308 0.016826923076923076 0.036057692307692304
0 0.6117788461538461 0.40384615384615385 0.021634615384615384 0.057692307692307696
0 0.4411057692307692 0.4110576923076923 0.01201923076923077 0.03365384615384615
0 0.31971153846153844 0.41346153846153844 0.02403846153846154 0.04326923076923077
0 0.21995192307692307 0.4375 0.026442307692307692 0.0673076923076923
0 0.24759615384615385 0.41947115384615385 0.019230769230769232 0.04567307692307692
0 0.026442307692307692 0.4362980769230769 0.03365384615384615 0.040865384615384616
0 0.8713942307692307 0.39783653846153844 0.026442307692307692 0.04567307692307692