0 0.7127403846153846 0.5396634615384616 0.1466346153846154 0.6802884615384616
0 0.5733173076923077 0.5348557692307693 0.040865384615384616 0.20673076923076922
0 0.5372596153846154 0.5264423076923077 0.03365384615384615 0.13701923076923078
0 0.5889423076923077 0.5264423076923077 0.03125 0.0985576923076923
0 0.1141826923076923 0.5120192307692307 0.11298076923076923 0.2620192307692308
0 0.019230769230769232 0.4735576923076923 0.036057692307692304 0.11298076923076923
0 0.2860576923076923 0.5060096153846154 0.036057692307692304 0.14903846153846154
0 0.3629807692307692 0.5072115384615384 0.021634615384615384 0.09134615384615384
0 0.40384615384615385 0.5012019230769231 0.02403846153846154 0.0625
0 0.056490384615384616 0.49158653846153844 0.03365384615384615 0.07451923076923077
0 0.16346153846153846 0.48197115384615385 0.009615384615384616 0.02403846153846154
0 0.33774038461538464 0.4855769230769231 0.01201923076923077 0.028846153846153848